1785343878.352680 usage_usec 3873654 user_usec 3681424 system_usec 192230 
1785343878.455807 usage_usec 3873654 user_usec 3681424 system_usec 192230 
1785343878.558260 usage_usec 3873654 user_usec 3681424 system_usec 192230 
1785343878.660680 usage_usec 3873654 user_usec 3681424 system_usec 192230 
1785343878.763104 usage_usec 3873654 user_usec 3681424 system_usec 192230 
1785343878.865225 usage_usec 3875327 user_usec 3683067 system_usec 192259 
1785343878.967206 usage_usec 3877312 user_usec 3685053 system_usec 192259 
1785343879.069181 usage_usec 3878489 user_usec 3686228 system_usec 192260 
1785343879.171104 usage_usec 3880304 user_usec 3687055 system_usec 193249 
1785343879.273082 usage_usec 3880304 user_usec 3687055 system_usec 193249 
1785343879.375066 usage_usec 3889661 user_usec 3695393 system_usec 194268 
1785343879.477221 usage_usec 3890757 user_usec 3696485 system_usec 194272 
1785343879.579237 usage_usec 3903277 user_usec 3706049 system_usec 197227 
1785343879.681178 usage_usec 3904429 user_usec 3707199 system_usec 197229 
1785343879.783129 usage_usec 3905616 user_usec 3708378 system_usec 197238 
1785343879.885068 usage_usec 3906717 user_usec 3709474 system_usec 197242 
1785343879.987034 usage_usec 3907841 user_usec 3709646 system_usec 198194 
1785343880.089046 usage_usec 3910760 user_usec 3711565 system_usec 199194 
1785343880.191030 usage_usec 3913203 user_usec 3713998 system_usec 199205 
1785343880.293135 usage_usec 3916369 user_usec 3716110 system_usec 200258 
1785343880.395099 usage_usec 3916458 user_usec 3716195 system_usec 200263 
1785343880.497078 usage_usec 3916458 user_usec 3716195 system_usec 200263 
1785343880.599224 usage_usec 3919965 user_usec 3718742 system_usec 201223 
1785343880.701192 usage_usec 3928212 user_usec 3726978 system_usec 201233 
1785343880.803223 usage_usec 3929661 user_usec 3728410 system_usec 201251 
1785343880.905180 usage_usec 3929661 user_usec 3728410 system_usec 201251 
1785343881.007176 usage_usec 3939792 user_usec 3736225 system_usec 203567 
1785343881.109191 usage_usec 3940985 user_usec 3737409 system_usec 203576 
1785343881.211150 usage_usec 3947908 user_usec 3744308 system_usec 203599 
1785343881.313147 usage_usec 3949303 user_usec 3744717 system_usec 204585 
1785343881.415074 usage_usec 3949303 user_usec 3744717 system_usec 204585 
1785343881.517104 usage_usec 3957846 user_usec 3753223 system_usec 204622 
1785343881.619090 usage_usec 3959080 user_usec 3754446 system_usec 204634 
1785343881.721085 usage_usec 3966041 user_usec 3760380 system_usec 205661 
1785343881.823182 usage_usec 3966041 user_usec 3760380 system_usec 205661 
1785343881.925547 usage_usec 3967596 user_usec 3761908 system_usec 205688 
1785343882.027540 usage_usec 4001975 user_usec 3795265 system_usec 206710 
1785343882.129569 usage_usec 4003368 user_usec 3796644 system_usec 206723 
1785343882.231502 usage_usec 4003368 user_usec 3796644 system_usec 206723 
1785343882.333519 usage_usec 4011795 user_usec 3804108 system_usec 207686 
1785343882.435587 usage_usec 4013061 user_usec 3805361 system_usec 207700 
1785343882.537624 usage_usec 4024346 user_usec 3815694 system_usec 208652 
1785343882.639570 usage_usec 4026069 user_usec 3817380 system_usec 208688 
1785343882.741514 usage_usec 4027369 user_usec 3818665 system_usec 208704 
1785343882.843585 usage_usec 4036191 user_usec 3826499 system_usec 209692 
1785343882.945586 usage_usec 4037543 user_usec 3827834 system_usec 209709 
1785343883.047626 usage_usec 4038842 user_usec 3828168 system_usec 210674 
1785343883.149735 usage_usec 4048939 user_usec 3838230 system_usec 210709 
1785343883.251716 usage_usec 4050346 user_usec 3838653 system_usec 211692 
1785343883.353729 usage_usec 4061755 user_usec 3850063 system_usec 211692 
1785343883.455657 usage_usec 4061755 user_usec 3850063 system_usec 211692 
1785343883.557654 usage_usec 4063089 user_usec 3850063 system_usec 213026 
1785343883.659780 usage_usec 4074251 user_usec 3860554 system_usec 213697 
1785343883.761774 usage_usec 4075597 user_usec 3861881 system_usec 213715 
1785343883.863731 usage_usec 4075597 user_usec 3861881 system_usec 213715 
1785343883.965765 usage_usec 4091963 user_usec 3877271 system_usec 214692 
1785343884.067711 usage_usec 4093376 user_usec 3878665 system_usec 214710 
1785343884.169762 usage_usec 4104178 user_usec 3888507 system_usec 215670 
1785343884.271703 usage_usec 4107949 user_usec 3892221 system_usec 215727 
1785343884.373630 usage_usec 4109256 user_usec 3893512 system_usec 215743 
1785343884.475807 usage_usec 4124707 user_usec 3907968 system_usec 216738 
1785343884.578106 usage_usec 4124707 user_usec 3907968 system_usec 216738 
1785343884.680107 usage_usec 4126294 user_usec 3909525 system_usec 216769 
1785343884.782158 usage_usec 4144096 user_usec 3926364 system_usec 217732 
1785343884.884143 usage_usec 4145237 user_usec 3927445 system_usec 217792 
1785343884.986190 usage_usec 4157651 user_usec 3938910 system_usec 218740 
1785343885.088140 usage_usec 4157651 user_usec 3938910 system_usec 218740 
1785343885.190150 usage_usec 4159058 user_usec 3940299 system_usec 218759 
1785343885.292172 usage_usec 4174128 user_usec 3954338 system_usec 219789 
1785343885.394161 usage_usec 4175304 user_usec 3955505 system_usec 219798 
1785343885.496169 usage_usec 4175304 user_usec 3955505 system_usec 219798 
1785343885.598159 usage_usec 4188200 user_usec 3967393 system_usec 220806 
1785343885.700143 usage_usec 4189649 user_usec 3968820 system_usec 220829 
1785343885.802193 usage_usec 4207326 user_usec 3985515 system_usec 221810 
1785343885.904235 usage_usec 4208495 user_usec 3986678 system_usec 221817 
1785343886.006289 usage_usec 4208495 user_usec 3986678 system_usec 221817 
1785343886.108333 usage_usec 4222093 user_usec 3999248 system_usec 222845 
1785343886.210526 usage_usec 4223433 user_usec 4000569 system_usec 222863 
1785343886.312600 usage_usec 4228558 user_usec 4003772 system_usec 224785 
1785343886.414624 usage_usec 4237867 user_usec 4013054 system_usec 224813 
1785343886.517042 usage_usec 4239267 user_usec 4013470 system_usec 225797 
1785343886.619280 usage_usec 4255601 user_usec 4028768 system_usec 226833 
1785343886.721263 usage_usec 4256877 user_usec 4030030 system_usec 226846 
1785343886.823258 usage_usec 4256877 user_usec 4030030 system_usec 226846 
1785343886.925246 usage_usec 4272426 user_usec 4044533 system_usec 227893 
1785343887.027288 usage_usec 4273664 user_usec 4045705 system_usec 227959 
1785343887.129370 usage_usec 4289575 user_usec 4060510 system_usec 229065 
1785343887.231318 usage_usec 4290786 user_usec 4061709 system_usec 229076 
1785343887.333293 usage_usec 4290786 user_usec 4061709 system_usec 229076 
1785343887.435346 usage_usec 4307417 user_usec 4076149 system_usec 231268 
1785343887.537443 usage_usec 4308708 user_usec 4077424 system_usec 231283 
1785343887.639612 usage_usec 4326697 user_usec 4094130 system_usec 232566 
1785343887.741672 usage_usec 4326697 user_usec 4094130 system_usec 232566 
1785343887.843861 usage_usec 4328141 user_usec 4095556 system_usec 232585 
1785343887.945999 usage_usec 4353851 user_usec 4120226 system_usec 233625 
1785343888.048216 usage_usec 4355129 user_usec 4121489 system_usec 233639 
1785343888.150528 usage_usec 4361388 user_usec 4126753 system_usec 234635 
1785343888.252795 usage_usec 4373697 user_usec 4138096 system_usec 235601 
1785343888.354923 usage_usec 4374900 user_usec 4139288 system_usec 235612 
1785343888.457009 usage_usec 4393603 user_usec 4156849 system_usec 236754 
1785343888.559063 usage_usec 4394733 user_usec 4157972 system_usec 236760 
1785343888.661257 usage_usec 4404702 user_usec 4167919 system_usec 236783 
1785343888.763421 usage_usec 4414602 user_usec 4176354 system_usec 238248 
1785343888.865590 usage_usec 4415809 user_usec 4177550 system_usec 238258 
1785343888.967834 usage_usec 4437332 user_usec 4197581 system_usec 239751 
1785343889.069999 usage_usec 4438803 user_usec 4199033 system_usec 239770 
1785343889.172081 usage_usec 4438803 user_usec 4199033 system_usec 239770 
1785343889.274093 usage_usec 4466616 user_usec 4224850 system_usec 241765 
1785343889.376367 usage_usec 4467816 user_usec 4225092 system_usec 242724 
1785343889.478582 usage_usec 4490584 user_usec 4246615 system_usec 243969 
1785343889.580846 usage_usec 4490584 user_usec 4246615 system_usec 243969 
1785343889.683058 usage_usec 4492032 user_usec 4248040 system_usec 243991 
1785343889.785327 usage_usec 4517850 user_usec 4271864 system_usec 245986 
1785343889.887504 usage_usec 4517850 user_usec 4271864 system_usec 245986 
1785343889.989728 usage_usec 4519219 user_usec 4273213 system_usec 246005 
1785343890.092074 usage_usec 4545284 user_usec 4297874 system_usec 247409 
1785343890.194386 usage_usec 4546507 user_usec 4299085 system_usec 247421 
1785343890.296625 usage_usec 4551282 user_usec 4303792 system_usec 247490 
1785343890.398854 usage_usec 4571404 user_usec 4321995 system_usec 249408 
1785343890.501079 usage_usec 4572595 user_usec 4323176 system_usec 249418 
1785343890.603734 usage_usec 4625824 user_usec 4376362 system_usec 249462 
1785343890.706375 usage_usec 4728420 user_usec 4476877 system_usec 251543 
1785343890.808577 usage_usec 4728420 user_usec 4476877 system_usec 251543 
1785343890.911322 usage_usec 4729910 user_usec 4478348 system_usec 251561 
1785343891.013570 usage_usec 4759760 user_usec 4506051 system_usec 253708 
1785343891.115847 usage_usec 4761052 user_usec 4507329 system_usec 253723 
1785343891.218246 usage_usec 4761052 user_usec 4507329 system_usec 253723 
1785343891.320441 usage_usec 4790136 user_usec 4534778 system_usec 255357 
1785343891.422717 usage_usec 4791573 user_usec 4536195 system_usec 255378 
1785343891.524968 usage_usec 4791573 user_usec 4536195 system_usec 255378 
1785343891.627386 usage_usec 4830910 user_usec 4573406 system_usec 257504 
1785343891.729481 usage_usec 4832153 user_usec 4573689 system_usec 258463 
1785343891.831635 usage_usec 4857729 user_usec 4597218 system_usec 260511 
1785343891.933805 usage_usec 4861589 user_usec 4601039 system_usec 260550 
1785343892.036018 usage_usec 4862810 user_usec 4602248 system_usec 260562 
1785343892.138202 usage_usec 4893374 user_usec 4630980 system_usec 262393 
1785343892.240700 usage_usec 4894583 user_usec 4632178 system_usec 262404 
1785343892.342772 usage_usec 4904221 user_usec 4641742 system_usec 262478 
1785343892.444969 usage_usec 4925925 user_usec 4661323 system_usec 264601 
1785343892.547145 usage_usec 4927128 user_usec 4662516 system_usec 264612 
1785343892.649585 usage_usec 4960711 user_usec 4692972 system_usec 267739 
1785343892.751860 usage_usec 4960711 user_usec 4692972 system_usec 267739 
1785343892.853964 usage_usec 4962203 user_usec 4694437 system_usec 267765 
1785343892.957397 usage_usec 5000824 user_usec 4730983 system_usec 269840 
1785343893.059682 usage_usec 5000824 user_usec 4730983 system_usec 269840 
1785343893.161743 usage_usec 5002200 user_usec 4732359 system_usec 269840 
1785343893.263881 usage_usec 5002200 user_usec 4732359 system_usec 269840 
1785343893.366067 usage_usec 5036936 user_usec 4764899 system_usec 272036 
1785343893.468103 usage_usec 5038240 user_usec 4766187 system_usec 272052 
1785343893.570221 usage_usec 5066667 user_usec 4794561 system_usec 272106 
1785343893.672407 usage_usec 5075828 user_usec 4801448 system_usec 274379 
1785343893.774556 usage_usec 5075828 user_usec 4801448 system_usec 274379 
1785343893.876834 usage_usec 5077176 user_usec 4802781 system_usec 274394 
1785343893.979163 usage_usec 5114421 user_usec 4837677 system_usec 276744 
1785343894.081753 usage_usec 5114421 user_usec 4837677 system_usec 276744 
1785343894.184397 usage_usec 5114421 user_usec 4837677 system_usec 276744 
1785343894.286997 usage_usec 5114421 user_usec 4837677 system_usec 276744 
1785343894.389435 usage_usec 5114421 user_usec 4837677 system_usec 276744 
1785343894.492049 usage_usec 5114421 user_usec 4837677 system_usec 276744 
1785343894.594886 usage_usec 5114421 user_usec 4837677 system_usec 276744 
1785343894.697316 usage_usec 5114421 user_usec 4837677 system_usec 276744 
1785343894.799795 usage_usec 5114421 user_usec 4837677 system_usec 276744 
1785343894.902227 usage_usec 5114421 user_usec 4837677 system_usec 276744 
1785343895.004658 usage_usec 5114421 user_usec 4837677 system_usec 276744 
1785343895.106931 usage_usec 5114421 user_usec 4837677 system_usec 276744 
1785343895.209208 usage_usec 5114421 user_usec 4837677 system_usec 276744 
1785343895.311752 usage_usec 5114421 user_usec 4837677 system_usec 276744 
1785343895.413983 usage_usec 5114421 user_usec 4837677 system_usec 276744 
1785343895.516405 usage_usec 5114421 user_usec 4837677 system_usec 276744 
1785343895.618888 usage_usec 5114421 user_usec 4837677 system_usec 276744 
1785343895.721604 usage_usec 5114421 user_usec 4837677 system_usec 276744 
1785343895.823943 usage_usec 5114421 user_usec 4837677 system_usec 276744 
1785343895.926339 usage_usec 5114421 user_usec 4837677 system_usec 276744 
1785343896.028982 usage_usec 5114421 user_usec 4837677 system_usec 276744 
1785343896.131851 usage_usec 5114421 user_usec 4837677 system_usec 276744 
1785343896.234379 usage_usec 5114421 user_usec 4837677 system_usec 276744 
1785343896.336850 usage_usec 5114421 user_usec 4837677 system_usec 276744 
1785343896.439313 usage_usec 5114421 user_usec 4837677 system_usec 276744 
1785343896.541877 usage_usec 5114421 user_usec 4837677 system_usec 276744 
1785343896.644246 usage_usec 5114421 user_usec 4837677 system_usec 276744 
1785343896.746811 usage_usec 5114421 user_usec 4837677 system_usec 276744 
1785343896.849503 usage_usec 5114421 user_usec 4837677 system_usec 276744 
1785343896.951972 usage_usec 5114421 user_usec 4837677 system_usec 276744 
1785343897.054489 usage_usec 5114421 user_usec 4837677 system_usec 276744 
1785343897.157035 usage_usec 5114421 user_usec 4837677 system_usec 276744 
1785343897.259368 usage_usec 5114421 user_usec 4837677 system_usec 276744 
1785343897.361809 usage_usec 5114421 user_usec 4837677 system_usec 276744 
1785343897.464390 usage_usec 5114421 user_usec 4837677 system_usec 276744 
1785343897.567021 usage_usec 5114421 user_usec 4837677 system_usec 276744 
1785343897.669409 usage_usec 5114421 user_usec 4837677 system_usec 276744 
1785343897.771911 usage_usec 5114421 user_usec 4837677 system_usec 276744 
1785343897.874031 usage_usec 5114421 user_usec 4837677 system_usec 276744 
1785343897.976341 usage_usec 5114421 user_usec 4837677 system_usec 276744 
1785343898.078666 usage_usec 5114421 user_usec 4837677 system_usec 276744 
1785343898.180868 usage_usec 5114421 user_usec 4837677 system_usec 276744 
1785343898.283040 usage_usec 5114421 user_usec 4837677 system_usec 276744 
1785343898.385332 usage_usec 5114421 user_usec 4837677 system_usec 276744 
1785343898.487412 usage_usec 5114421 user_usec 4837677 system_usec 276744 
1785343898.589745 usage_usec 5114421 user_usec 4837677 system_usec 276744 
1785343898.692905 usage_usec 5114421 user_usec 4837677 system_usec 276744 
1785343898.795288 usage_usec 5114421 user_usec 4837677 system_usec 276744 
1785343898.897504 usage_usec 5114421 user_usec 4837677 system_usec 276744 
1785343898.999841 usage_usec 5114421 user_usec 4837677 system_usec 276744 
1785343899.102209 usage_usec 5114421 user_usec 4837677 system_usec 276744 
1785343899.204536 usage_usec 5114421 user_usec 4837677 system_usec 276744 
1785343899.306835 usage_usec 5114421 user_usec 4837677 system_usec 276744 
1785343899.409135 usage_usec 5114421 user_usec 4837677 system_usec 276744 
1785343899.511962 usage_usec 5114421 user_usec 4837677 system_usec 276744 
1785343899.614407 usage_usec 5114421 user_usec 4837677 system_usec 276744 
1785343899.716929 usage_usec 5114421 user_usec 4837677 system_usec 276744 
1785343899.819412 usage_usec 5114421 user_usec 4837677 system_usec 276744 
1785343899.921955 usage_usec 5114421 user_usec 4837677 system_usec 276744 
1785343900.024294 usage_usec 5114421 user_usec 4837677 system_usec 276744 
1785343900.126937 usage_usec 5114421 user_usec 4837677 system_usec 276744 
1785343900.229314 usage_usec 5114421 user_usec 4837677 system_usec 276744 
1785343900.331869 usage_usec 5114421 user_usec 4837677 system_usec 276744 
1785343900.434309 usage_usec 5114421 user_usec 4837677 system_usec 276744 
1785343900.536626 usage_usec 5114421 user_usec 4837677 system_usec 276744 
1785343900.638984 usage_usec 5114421 user_usec 4837677 system_usec 276744 
1785343900.741283 usage_usec 5114421 user_usec 4837677 system_usec 276744 
1785343900.843901 usage_usec 5114421 user_usec 4837677 system_usec 276744 
1785343900.946389 usage_usec 5114421 user_usec 4837677 system_usec 276744 
1785343901.048508 usage_usec 5114421 user_usec 4837677 system_usec 276744 
1785343901.150793 usage_usec 5115963 user_usec 4839189 system_usec 276773 
1785343901.253203 usage_usec 5156703 user_usec 4877494 system_usec 279209 
1785343901.355468 usage_usec 5156703 user_usec 4877494 system_usec 279209 
1785343901.457557 usage_usec 5158165 user_usec 4878931 system_usec 279233 
1785343901.559876 usage_usec 5201596 user_usec 4919862 system_usec 281733 
1785343901.662063 usage_usec 5202876 user_usec 4921128 system_usec 281747 
1785343901.764304 usage_usec 5202876 user_usec 4921128 system_usec 281747 
1785343901.866638 usage_usec 5244918 user_usec 4960617 system_usec 284300 
1785343901.968947 usage_usec 5246273 user_usec 4961955 system_usec 284318 
1785343902.071294 usage_usec 5271229 user_usec 4985959 system_usec 285269 
1785343902.173576 usage_usec 5289002 user_usec 5002110 system_usec 286892 
1785343902.275925 usage_usec 5290431 user_usec 5003517 system_usec 286914 
1785343902.378036 usage_usec 5313183 user_usec 5026222 system_usec 286961 
1785343902.480235 usage_usec 5337700 user_usec 5048128 system_usec 289571 
1785343902.582515 usage_usec 5339080 user_usec 5049489 system_usec 289590 
1785343902.685428 usage_usec 5386035 user_usec 5092681 system_usec 293354 
1785343902.787594 usage_usec 5386035 user_usec 5092681 system_usec 293354 
1785343902.890081 usage_usec 5387565 user_usec 5094184 system_usec 293381 
1785343902.992157 usage_usec 5429130 user_usec 5134796 system_usec 294333 
1785343903.094276 usage_usec 5438304 user_usec 5142161 system_usec 296142 
1785343903.196472 usage_usec 5439727 user_usec 5142618 system_usec 297108 
1785343903.298533 usage_usec 5470031 user_usec 5171930 system_usec 298100 
1785343903.401073 usage_usec 5491473 user_usec 5191504 system_usec 299969 
1785343903.503326 usage_usec 5492869 user_usec 5192878 system_usec 299990 
1785343903.605477 usage_usec 5512176 user_usec 5211193 system_usec 300982 
1785343903.708088 usage_usec 5549604 user_usec 5246692 system_usec 302911 
1785343903.810168 usage_usec 5551017 user_usec 5248089 system_usec 302927 
1785343903.912474 usage_usec 5551017 user_usec 5248089 system_usec 302927 
1785343904.014723 usage_usec 5613038 user_usec 5307021 system_usec 306016 
1785343904.117034 usage_usec 5613038 user_usec 5307021 system_usec 306016 
1785343904.219517 usage_usec 5614401 user_usec 5308368 system_usec 306032 
1785343904.321758 usage_usec 5671400 user_usec 5362257 system_usec 309142 
1785343904.423918 usage_usec 5671400 user_usec 5362257 system_usec 309142 
1785343904.528032 usage_usec 5672838 user_usec 5363677 system_usec 309161 
1785343904.630024 usage_usec 5721411 user_usec 5409180 system_usec 312230 
1785343904.731835 usage_usec 5729174 user_usec 5416871 system_usec 312303 
1785343904.833730 usage_usec 5730736 user_usec 5418433 system_usec 312303 
1785343904.935704 usage_usec 5761060 user_usec 5447734 system_usec 313325 
1785343905.037989 usage_usec 5792772 user_usec 5477182 system_usec 315590 
1785343905.139864 usage_usec 5794086 user_usec 5478483 system_usec 315602 
1785343905.242020 usage_usec 5834788 user_usec 5518185 system_usec 316603 
1785343905.343949 usage_usec 5851125 user_usec 5532207 system_usec 318918 
1785343905.445941 usage_usec 5852536 user_usec 5533618 system_usec 318918 
1785343905.548052 usage_usec 5875636 user_usec 5555761 system_usec 319875 
1785343905.650204 usage_usec 5912893 user_usec 5590662 system_usec 322231 
1785343905.752404 usage_usec 5914314 user_usec 5592061 system_usec 322253 
1785343905.854636 usage_usec 5916872 user_usec 5593698 system_usec 323173 
1785343905.957023 usage_usec 5976952 user_usec 5651284 system_usec 325668 
1785343906.059154 usage_usec 5978401 user_usec 5652709 system_usec 325691 
1785343906.161367 usage_usec 5978401 user_usec 5652709 system_usec 325691 
1785343906.263689 usage_usec 6061064 user_usec 5734421 system_usec 326642 
1785343906.366066 usage_usec 6164062 user_usec 5837390 system_usec 326672 
1785343906.468306 usage_usec 6175593 user_usec 5845927 system_usec 329666 
1785343906.570455 usage_usec 6177090 user_usec 5847400 system_usec 329689 
1785343906.672719 usage_usec 6204017 user_usec 5873341 system_usec 330675 
1785343906.774964 usage_usec 6243771 user_usec 5910379 system_usec 333391 
1785343906.877184 usage_usec 6245228 user_usec 5911813 system_usec 333414 
1785343906.979406 usage_usec 6278086 user_usec 5942719 system_usec 335367 
1785343907.081857 usage_usec 6310430 user_usec 5972148 system_usec 338282 
1785343907.183922 usage_usec 6311863 user_usec 5973560 system_usec 338302 
1785343907.286040 usage_usec 6319946 user_usec 5980629 system_usec 339317 
1785343907.388398 usage_usec 6382331 user_usec 6040231 system_usec 342100 
1785343907.490704 usage_usec 6383943 user_usec 6040865 system_usec 343078 
1785343907.592751 usage_usec 6384299 user_usec 6041201 system_usec 343097 
1785343907.695128 usage_usec 6460496 user_usec 6113409 system_usec 347086 
1785343907.797348 usage_usec 6460496 user_usec 6113409 system_usec 347086 
1785343907.899607 usage_usec 6461909 user_usec 6114808 system_usec 347101 
1785343908.002070 usage_usec 6506085 user_usec 6157988 system_usec 348097 
1785343908.104201 usage_usec 6536630 user_usec 6185503 system_usec 351126 
1785343908.206325 usage_usec 6538062 user_usec 6186912 system_usec 351149 
1785343908.309003 usage_usec 6579493 user_usec 6227377 system_usec 352116 
1785343908.411096 usage_usec 6614349 user_usec 6258926 system_usec 355422 
1785343908.513368 usage_usec 6615726 user_usec 6260284 system_usec 355442 
1785343908.615482 usage_usec 6648690 user_usec 6292306 system_usec 356384 
1785343908.717759 usage_usec 6689990 user_usec 6330319 system_usec 359671 
1785343908.821024 usage_usec 6691444 user_usec 6331751 system_usec 359693 
1785343908.923350 usage_usec 6691444 user_usec 6331751 system_usec 359693 
1785343909.025509 usage_usec 6768095 user_usec 6403929 system_usec 364165 
1785343909.127644 usage_usec 6769485 user_usec 6405300 system_usec 364184 
1785343909.230194 usage_usec 6769485 user_usec 6405300 system_usec 364184 
1785343909.332708 usage_usec 6846967 user_usec 6478391 system_usec 368576 
1785343909.434894 usage_usec 6846967 user_usec 6478391 system_usec 368576 
1785343909.537146 usage_usec 6848372 user_usec 6479774 system_usec 368597 
1785343909.639606 usage_usec 6925624 user_usec 6552419 system_usec 373204 
1785343909.741928 usage_usec 6935127 user_usec 6561914 system_usec 373213 
1785343909.844107 usage_usec 6936563 user_usec 6563328 system_usec 373235 
1785343909.946435 usage_usec 6960115 user_usec 6585877 system_usec 374237 
1785343910.048820 usage_usec 7062117 user_usec 6687879 system_usec 374237 
1785343910.151206 usage_usec 7154633 user_usec 6776180 system_usec 378452 
1785343910.253556 usage_usec 7155999 user_usec 6777527 system_usec 378471 
1785343910.355908 usage_usec 7155999 user_usec 6777527 system_usec 378471 
1785343910.458408 usage_usec 7235974 user_usec 6851646 system_usec 384327 
1785343910.560627 usage_usec 7239692 user_usec 6855312 system_usec 384379 
1785343910.662852 usage_usec 7241163 user_usec 6856766 system_usec 384397 
1785343910.765019 usage_usec 7274225 user_usec 6888832 system_usec 385392 
1785343910.868393 usage_usec 7326809 user_usec 6937605 system_usec 389203 
1785343910.970693 usage_usec 7328285 user_usec 6939064 system_usec 389221 
1785343911.072816 usage_usec 7328285 user_usec 6939064 system_usec 389221 
1785343911.175138 usage_usec 7415492 user_usec 7021370 system_usec 394121 
1785343911.277396 usage_usec 7415492 user_usec 7021370 system_usec 394121 
1785343911.379645 usage_usec 7416911 user_usec 7022772 system_usec 394139 
1785343911.482090 usage_usec 7456382 user_usec 7061247 system_usec 395134 
1785343911.584260 usage_usec 7507549 user_usec 7108284 system_usec 399264 
1785343911.686517 usage_usec 7507549 user_usec 7108284 system_usec 399264 
1785343911.788873 usage_usec 7507549 user_usec 7108284 system_usec 399264 
1785343911.891162 usage_usec 7507549 user_usec 7108284 system_usec 399264 
1785343911.993568 usage_usec 7507549 user_usec 7108284 system_usec 399264 
1785343912.096045 usage_usec 7507549 user_usec 7108284 system_usec 399264 
1785343912.198316 usage_usec 7507549 user_usec 7108284 system_usec 399264 
1785343912.300864 usage_usec 7507549 user_usec 7108284 system_usec 399264 
1785343912.403404 usage_usec 7507549 user_usec 7108284 system_usec 399264 
1785343912.505828 usage_usec 7507549 user_usec 7108284 system_usec 399264 
1785343912.608183 usage_usec 7507549 user_usec 7108284 system_usec 399264 
1785343912.710520 usage_usec 7507549 user_usec 7108284 system_usec 399264 
1785343912.812987 usage_usec 7507549 user_usec 7108284 system_usec 399264 
1785343912.915301 usage_usec 7507549 user_usec 7108284 system_usec 399264 
1785343913.017766 usage_usec 7507549 user_usec 7108284 system_usec 399264 
1785343913.120061 usage_usec 7507549 user_usec 7108284 system_usec 399264 
1785343913.222555 usage_usec 7507549 user_usec 7108284 system_usec 399264 
1785343913.325035 usage_usec 7507549 user_usec 7108284 system_usec 399264 
1785343913.427241 usage_usec 7507549 user_usec 7108284 system_usec 399264 
1785343913.530629 usage_usec 7507549 user_usec 7108284 system_usec 399264 
1785343913.632773 usage_usec 7509043 user_usec 7109757 system_usec 399286 
1785343913.735076 usage_usec 7553604 user_usec 7153297 system_usec 400307 
1785343913.837321 usage_usec 7600367 user_usec 7195799 system_usec 404567 
1785343913.939405 usage_usec 7601833 user_usec 7197241 system_usec 404592 
1785343914.041695 usage_usec 7626040 user_usec 7220490 system_usec 405550 
1785343914.144075 usage_usec 7694336 user_usec 7284397 system_usec 409938 
1785343914.246481 usage_usec 7694336 user_usec 7284397 system_usec 409938 
1785343914.348669 usage_usec 7695786 user_usec 7284872 system_usec 410914 
1785343914.450986 usage_usec 7771298 user_usec 7359422 system_usec 411875 
1785343914.553411 usage_usec 7790845 user_usec 7374517 system_usec 416328 
1785343914.655798 usage_usec 7790845 user_usec 7374517 system_usec 416328 
1785343914.758253 usage_usec 7790845 user_usec 7374517 system_usec 416328 
1785343914.860363 usage_usec 7790845 user_usec 7374517 system_usec 416328 
1785343914.962597 usage_usec 7790845 user_usec 7374517 system_usec 416328 
1785343915.065139 usage_usec 7790845 user_usec 7374517 system_usec 416328 
1785343915.167687 usage_usec 7790845 user_usec 7374517 system_usec 416328 
1785343915.270336 usage_usec 7790845 user_usec 7374517 system_usec 416328 
1785343915.372780 usage_usec 7790845 user_usec 7374517 system_usec 416328 
1785343915.475184 usage_usec 7790845 user_usec 7374517 system_usec 416328 
1785343915.577801 usage_usec 7790845 user_usec 7374517 system_usec 416328 
1785343915.680623 usage_usec 7790845 user_usec 7374517 system_usec 416328 
1785343915.783081 usage_usec 7790845 user_usec 7374517 system_usec 416328 
1785343915.885766 usage_usec 7790845 user_usec 7374517 system_usec 416328 
1785343915.988200 usage_usec 7790845 user_usec 7374517 system_usec 416328 
1785343916.091126 usage_usec 7790845 user_usec 7374517 system_usec 416328 
1785343916.193579 usage_usec 7790845 user_usec 7374517 system_usec 416328 
1785343916.296407 usage_usec 7790845 user_usec 7374517 system_usec 416328 
1785343916.398622 usage_usec 7790845 user_usec 7374517 system_usec 416328 
1785343916.500913 usage_usec 7790845 user_usec 7374517 system_usec 416328 
1785343916.603244 usage_usec 7790845 user_usec 7374517 system_usec 416328 
1785343916.705411 usage_usec 7790845 user_usec 7374517 system_usec 416328 
1785343916.808068 usage_usec 7792334 user_usec 7375984 system_usec 416350 
1785343916.910329 usage_usec 7814391 user_usec 7397108 system_usec 417282 
1785343917.012755 usage_usec 7889460 user_usec 7467396 system_usec 422063 
1785343917.115125 usage_usec 7889460 user_usec 7467396 system_usec 422063 
1785343917.217550 usage_usec 7890959 user_usec 7467919 system_usec 423040 
1785343917.319873 usage_usec 7891069 user_usec 7468023 system_usec 423046 
1785343917.422885 usage_usec 7992148 user_usec 7569102 system_usec 423046 
1785343917.525395 usage_usec 8095146 user_usec 7672075 system_usec 423070 
1785343917.627633 usage_usec 8128158 user_usec 7699997 system_usec 428160 
1785343917.729895 usage_usec 8128158 user_usec 7699997 system_usec 428160 
1785343917.831905 usage_usec 8129572 user_usec 7700443 system_usec 429129 
1785343917.934331 usage_usec 8166529 user_usec 7737400 system_usec 429129 
1785343918.036862 usage_usec 8229469 user_usec 7795158 system_usec 434311 
1785343918.139392 usage_usec 8229469 user_usec 7795158 system_usec 434311 
1785343918.242231 usage_usec 8229469 user_usec 7795158 system_usec 434311 
1785343918.344609 usage_usec 8229469 user_usec 7795158 system_usec 434311 
1785343918.447264 usage_usec 8229469 user_usec 7795158 system_usec 434311 
1785343918.549824 usage_usec 8229469 user_usec 7795158 system_usec 434311 
1785343918.652381 usage_usec 8229469 user_usec 7795158 system_usec 434311 
1785343918.754961 usage_usec 8229469 user_usec 7795158 system_usec 434311 
1785343918.857170 usage_usec 8230948 user_usec 7795667 system_usec 435281 
1785343918.959413 usage_usec 8248700 user_usec 7813418 system_usec 435281 
1785343919.062267 usage_usec 8334198 user_usec 7893854 system_usec 440344 
1785343919.164478 usage_usec 8335533 user_usec 7894205 system_usec 441327 
1785343919.266686 usage_usec 8335533 user_usec 7894205 system_usec 441327 
1785343919.368729 usage_usec 8424399 user_usec 7982984 system_usec 441414 
1785343919.470952 usage_usec 8441128 user_usec 7994571 system_usec 446556 
1785343919.573029 usage_usec 8441128 user_usec 7994571 system_usec 446556 
1785343919.675082 usage_usec 8442512 user_usec 7994989 system_usec 447522 
1785343919.777256 usage_usec 8497406 user_usec 8048908 system_usec 448498 
1785343919.879817 usage_usec 8548791 user_usec 8095202 system_usec 453588 
1785343919.982248 usage_usec 8548791 user_usec 8095202 system_usec 453588 
1785343920.084720 usage_usec 8548791 user_usec 8095202 system_usec 453588 
1785343920.187614 usage_usec 8548791 user_usec 8095202 system_usec 453588 
1785343920.290308 usage_usec 8548791 user_usec 8095202 system_usec 453588 
1785343920.392833 usage_usec 8548791 user_usec 8095202 system_usec 453588 
1785343920.495573 usage_usec 8548791 user_usec 8095202 system_usec 453588 
1785343920.598023 usage_usec 8548791 user_usec 8095202 system_usec 453588 
1785343920.700137 usage_usec 8550280 user_usec 8095721 system_usec 454559 
1785343920.802355 usage_usec 8595273 user_usec 8140679 system_usec 454594 
1785343920.904741 usage_usec 8660660 user_usec 8200723 system_usec 459936 
1785343921.007151 usage_usec 8660660 user_usec 8200723 system_usec 459936 
1785343921.109668 usage_usec 8662150 user_usec 8201241 system_usec 460909 
1785343921.211919 usage_usec 8738555 user_usec 8277562 system_usec 460992 
1785343921.314635 usage_usec 8780871 user_usec 8314497 system_usec 466373 
1785343921.416887 usage_usec 8782229 user_usec 8314886 system_usec 467343 
1785343921.519014 usage_usec 8814135 user_usec 8346771 system_usec 467363 
1785343921.621773 usage_usec 8916135 user_usec 8448693 system_usec 467442 
1785343921.724111 usage_usec 9019135 user_usec 8550722 system_usec 468413 
1785343921.826336 usage_usec 9034887 user_usec 8561401 system_usec 473486 
1785343921.928602 usage_usec 9036357 user_usec 8561895 system_usec 474461 
1785343922.031020 usage_usec 9090504 user_usec 8615986 system_usec 474517 
1785343922.133486 usage_usec 9155336 user_usec 8674934 system_usec 480402 
1785343922.236017 usage_usec 9155336 user_usec 8674934 system_usec 480402 
1785343922.338197 usage_usec 9156807 user_usec 8675411 system_usec 481396 
1785343922.440365 usage_usec 9234122 user_usec 8752667 system_usec 481455 
1785343922.542923 usage_usec 9276476 user_usec 8789212 system_usec 487264 
1785343922.645085 usage_usec 9276476 user_usec 8789212 system_usec 487264 
1785343922.747353 usage_usec 9277943 user_usec 8789755 system_usec 488188 
1785343922.849466 usage_usec 9301010 user_usec 8812748 system_usec 488261 
1785343922.951931 usage_usec 9397715 user_usec 8903563 system_usec 494151 
1785343923.054223 usage_usec 9397715 user_usec 8903563 system_usec 494151 
1785343923.156693 usage_usec 9397715 user_usec 8903563 system_usec 494151 
1785343923.259169 usage_usec 9397715 user_usec 8903563 system_usec 494151 
1785343923.361608 usage_usec 9397715 user_usec 8903563 system_usec 494151 
1785343923.464217 usage_usec 9397715 user_usec 8903563 system_usec 494151 
1785343923.566743 usage_usec 9397715 user_usec 8903563 system_usec 494151 
1785343923.669408 usage_usec 9397715 user_usec 8903563 system_usec 494151 
1785343923.772213 usage_usec 9397715 user_usec 8903563 system_usec 494151 
1785343923.874877 usage_usec 9397715 user_usec 8903563 system_usec 494151 
1785343923.977180 usage_usec 9397715 user_usec 8903563 system_usec 494151 
1785343924.079214 usage_usec 9397715 user_usec 8903563 system_usec 494151 
1785343924.181574 usage_usec 9397715 user_usec 8903563 system_usec 494151 
1785343924.283812 usage_usec 9397715 user_usec 8903563 system_usec 494151 
1785343924.385950 usage_usec 9397715 user_usec 8903563 system_usec 494151 
1785343924.488184 usage_usec 9397715 user_usec 8903563 system_usec 494151 
1785343924.590627 usage_usec 9397715 user_usec 8903563 system_usec 494151 
1785343924.693174 usage_usec 9397715 user_usec 8903563 system_usec 494151 
1785343924.795663 usage_usec 9397715 user_usec 8903563 system_usec 494151 
1785343924.898343 usage_usec 9397715 user_usec 8903563 system_usec 494151 
1785343925.000760 usage_usec 9397715 user_usec 8903563 system_usec 494151 
1785343925.103090 usage_usec 9397715 user_usec 8903563 system_usec 494151 
1785343925.205429 usage_usec 9397715 user_usec 8903563 system_usec 494151 
1785343925.308006 usage_usec 9397715 user_usec 8903563 system_usec 494151 
1785343925.410283 usage_usec 9397715 user_usec 8903563 system_usec 494151 
1785343925.512969 usage_usec 9397715 user_usec 8903563 system_usec 494151 
1785343925.615034 usage_usec 9397715 user_usec 8903563 system_usec 494151 
1785343925.717406 usage_usec 9397715 user_usec 8903563 system_usec 494151 
1785343925.819902 usage_usec 9397715 user_usec 8903563 system_usec 494151 
1785343925.922072 usage_usec 9397715 user_usec 8903563 system_usec 494151 
1785343926.024448 usage_usec 9397715 user_usec 8903563 system_usec 494151 
1785343926.126691 usage_usec 9397715 user_usec 8903563 system_usec 494151 
1785343926.228931 usage_usec 9397715 user_usec 8903563 system_usec 494151 
1785343926.331202 usage_usec 9397715 user_usec 8903563 system_usec 494151 
1785343926.433340 usage_usec 9397715 user_usec 8903563 system_usec 494151 
1785343926.535803 usage_usec 9397715 user_usec 8903563 system_usec 494151 
1785343926.638432 usage_usec 9397715 user_usec 8903563 system_usec 494151 
1785343926.740923 usage_usec 9397715 user_usec 8903563 system_usec 494151 
1785343926.843390 usage_usec 9397715 user_usec 8903563 system_usec 494151 
1785343926.945618 usage_usec 9397715 user_usec 8903563 system_usec 494151 
1785343927.048010 usage_usec 9397715 user_usec 8903563 system_usec 494151 
1785343927.150470 usage_usec 9397715 user_usec 8903563 system_usec 494151 
1785343927.252771 usage_usec 9397715 user_usec 8903563 system_usec 494151 
1785343927.355063 usage_usec 9397715 user_usec 8903563 system_usec 494151 
1785343927.457300 usage_usec 9397715 user_usec 8903563 system_usec 494151 
1785343927.559716 usage_usec 9397715 user_usec 8903563 system_usec 494151 
1785343927.661897 usage_usec 9397715 user_usec 8903563 system_usec 494151 
1785343927.764222 usage_usec 9397715 user_usec 8903563 system_usec 494151 
1785343927.866467 usage_usec 9397715 user_usec 8903563 system_usec 494151 
1785343927.968587 usage_usec 9397715 user_usec 8903563 system_usec 494151 
1785343928.071165 usage_usec 9397715 user_usec 8903563 system_usec 494151 
1785343928.173637 usage_usec 9397715 user_usec 8903563 system_usec 494151 
1785343928.275966 usage_usec 9397715 user_usec 8903563 system_usec 494151 
1785343928.378150 usage_usec 9397715 user_usec 8903563 system_usec 494151 
1785343928.480557 usage_usec 9397715 user_usec 8903563 system_usec 494151 
1785343928.583067 usage_usec 9397715 user_usec 8903563 system_usec 494151 
1785343928.685641 usage_usec 9397715 user_usec 8903563 system_usec 494151 
1785343928.788228 usage_usec 9397715 user_usec 8903563 system_usec 494151 
1785343928.890549 usage_usec 9397715 user_usec 8903563 system_usec 494151 
1785343928.992988 usage_usec 9397715 user_usec 8903563 system_usec 494151 
1785343929.095375 usage_usec 9397715 user_usec 8903563 system_usec 494151 
1785343929.198016 usage_usec 9397715 user_usec 8903563 system_usec 494151 
1785343929.300365 usage_usec 9397715 user_usec 8903563 system_usec 494151 
1785343929.402757 usage_usec 9397715 user_usec 8903563 system_usec 494151 
1785343929.504875 usage_usec 9399259 user_usec 8904128 system_usec 495130 
1785343929.607080 usage_usec 9437599 user_usec 8942469 system_usec 495130 
1785343929.709564 usage_usec 9521603 user_usec 9020349 system_usec 501254 
1785343929.813008 usage_usec 9521603 user_usec 9020349 system_usec 501254 
1785343929.916458 usage_usec 9521603 user_usec 9020349 system_usec 501254 
1785343930.020079 usage_usec 9521603 user_usec 9020349 system_usec 501254 
1785343930.123964 usage_usec 9521603 user_usec 9020349 system_usec 501254 
1785343930.227027 usage_usec 9521603 user_usec 9020349 system_usec 501254 
1785343930.330818 usage_usec 9521603 user_usec 9020349 system_usec 501254 
1785343930.434012 usage_usec 9521603 user_usec 9020349 system_usec 501254 
1785343930.539034 usage_usec 9521603 user_usec 9020349 system_usec 501254 
1785343930.642603 usage_usec 9521603 user_usec 9020349 system_usec 501254 
1785343930.746844 usage_usec 9521603 user_usec 9020349 system_usec 501254 
1785343930.849347 usage_usec 9521603 user_usec 9020349 system_usec 501254 
1785343930.952698 usage_usec 9521603 user_usec 9020349 system_usec 501254 
1785343931.055272 usage_usec 9521603 user_usec 9020349 system_usec 501254 
1785343931.159207 usage_usec 9521603 user_usec 9020349 system_usec 501254 
1785343931.262571 usage_usec 9521603 user_usec 9020349 system_usec 501254 
1785343931.366530 usage_usec 9521603 user_usec 9020349 system_usec 501254 
1785343931.469473 usage_usec 9521603 user_usec 9020349 system_usec 501254 
1785343931.572266 usage_usec 9521603 user_usec 9020349 system_usec 501254 
1785343931.675463 usage_usec 9521603 user_usec 9020349 system_usec 501254 
1785343931.778152 usage_usec 9521603 user_usec 9020349 system_usec 501254 
1785343931.880994 usage_usec 9521603 user_usec 9020349 system_usec 501254 
1785343931.983477 usage_usec 9521603 user_usec 9020349 system_usec 501254 
1785343932.085736 usage_usec 9523107 user_usec 9020875 system_usec 502231 
1785343932.187974 usage_usec 9581842 user_usec 9079610 system_usec 502231 
1785343932.290347 usage_usec 9655574 user_usec 9145386 system_usec 510188 
1785343932.392690 usage_usec 9655574 user_usec 9145386 system_usec 510188 
1785343932.494730 usage_usec 9656955 user_usec 9146747 system_usec 510208 
1785343932.596856 usage_usec 9656955 user_usec 9146747 system_usec 510208 
1785343932.699129 usage_usec 9755540 user_usec 9245292 system_usec 510248 
1785343932.801337 usage_usec 9786771 user_usec 9269279 system_usec 517492 
1785343932.903848 usage_usec 9786771 user_usec 9269279 system_usec 517492 
1785343933.006505 usage_usec 9786771 user_usec 9269279 system_usec 517492 
1785343933.109574 usage_usec 9786771 user_usec 9269279 system_usec 517492 
1785343933.212102 usage_usec 9786771 user_usec 9269279 system_usec 517492 
1785343933.314639 usage_usec 9786771 user_usec 9269279 system_usec 517492 
1785343933.417213 usage_usec 9786771 user_usec 9269279 system_usec 517492 
1785343933.519756 usage_usec 9786771 user_usec 9269279 system_usec 517492 
1785343933.622310 usage_usec 9786771 user_usec 9269279 system_usec 517492 
1785343933.724937 usage_usec 9786771 user_usec 9269279 system_usec 517492 
1785343933.827733 usage_usec 9786771 user_usec 9269279 system_usec 517492 
1785343933.930181 usage_usec 9786771 user_usec 9269279 system_usec 517492 
1785343934.032613 usage_usec 9786771 user_usec 9269279 system_usec 517492 
1785343934.135092 usage_usec 9786771 user_usec 9269279 system_usec 517492 
1785343934.237589 usage_usec 9786771 user_usec 9269279 system_usec 517492 
1785343934.340003 usage_usec 9786771 user_usec 9269279 system_usec 517492 
1785343934.442190 usage_usec 9786771 user_usec 9269279 system_usec 517492 
1785343934.545050 usage_usec 9786771 user_usec 9269279 system_usec 517492 
1785343934.647504 usage_usec 9786771 user_usec 9269279 system_usec 517492 
1785343934.749915 usage_usec 9786771 user_usec 9269279 system_usec 517492 
1785343934.852484 usage_usec 9786771 user_usec 9269279 system_usec 517492 
1785343934.954913 usage_usec 9786771 user_usec 9269279 system_usec 517492 
1785343935.057837 usage_usec 9786771 user_usec 9269279 system_usec 517492 
1785343935.160061 usage_usec 9786771 user_usec 9269279 system_usec 517492 
1785343935.262490 usage_usec 9786771 user_usec 9269279 system_usec 517492 
1785343935.365002 usage_usec 9786771 user_usec 9269279 system_usec 517492 
1785343935.467367 usage_usec 9786771 user_usec 9269279 system_usec 517492 
1785343935.570042 usage_usec 9786771 user_usec 9269279 system_usec 517492 
1785343935.672826 usage_usec 9786771 user_usec 9269279 system_usec 517492 
1785343935.775208 usage_usec 9786771 user_usec 9269279 system_usec 517492 
1785343935.877977 usage_usec 9786771 user_usec 9269279 system_usec 517492 
1785343935.980326 usage_usec 9786771 user_usec 9269279 system_usec 517492 
1785343936.082702 usage_usec 9786771 user_usec 9269279 system_usec 517492 
1785343936.185222 usage_usec 9786771 user_usec 9269279 system_usec 517492 
1785343936.287674 usage_usec 9786771 user_usec 9269279 system_usec 517492 
1785343936.390137 usage_usec 9786771 user_usec 9269279 system_usec 517492 
1785343936.492510 usage_usec 9786771 user_usec 9269279 system_usec 517492 
1785343936.595240 usage_usec 9786771 user_usec 9269279 system_usec 517492 
1785343936.697635 usage_usec 9786771 user_usec 9269279 system_usec 517492 
1785343936.800233 usage_usec 9786771 user_usec 9269279 system_usec 517492 
1785343936.902701 usage_usec 9786771 user_usec 9269279 system_usec 517492 
1785343937.005137 usage_usec 9786771 user_usec 9269279 system_usec 517492 
1785343937.107438 usage_usec 9786771 user_usec 9269279 system_usec 517492 
1785343937.209941 usage_usec 9786771 user_usec 9269279 system_usec 517492 
1785343937.312245 usage_usec 9786771 user_usec 9269279 system_usec 517492 
1785343937.414734 usage_usec 9786771 user_usec 9269279 system_usec 517492 
1785343937.517070 usage_usec 9786771 user_usec 9269279 system_usec 517492 
1785343937.619268 usage_usec 9786771 user_usec 9269279 system_usec 517492 
1785343937.721631 usage_usec 9786771 user_usec 9269279 system_usec 517492 
1785343937.823677 usage_usec 9788295 user_usec 9270776 system_usec 517519 
1785343937.925814 usage_usec 9818668 user_usec 9301146 system_usec 517522 
1785343938.028325 usage_usec 9921667 user_usec 9404119 system_usec 517547 
1785343938.130576 usage_usec 10023666 user_usec 9505097 system_usec 518569 
1785343938.232820 usage_usec 10053800 user_usec 9528376 system_usec 525423 
1785343938.334922 usage_usec 10055171 user_usec 9529732 system_usec 525438 
1785343938.437120 usage_usec 10097487 user_usec 9572048 system_usec 525438 
1785343938.540271 usage_usec 10187258 user_usec 9654307 system_usec 532951 
1785343938.642409 usage_usec 10188653 user_usec 9655689 system_usec 532964 
1785343938.744600 usage_usec 10188653 user_usec 9655689 system_usec 532964 
1785343938.846891 usage_usec 10272977 user_usec 9739958 system_usec 533019 
1785343938.949438 usage_usec 10326793 user_usec 9786136 system_usec 540656 
1785343939.051588 usage_usec 10328265 user_usec 9786636 system_usec 541628 
1785343939.153768 usage_usec 10328265 user_usec 9786636 system_usec 541628 
1785343939.255922 usage_usec 10411472 user_usec 9869843 system_usec 541628 
1785343939.358307 usage_usec 10467682 user_usec 9918042 system_usec 549640 
1785343939.460742 usage_usec 10467682 user_usec 9918042 system_usec 549640 
1785343939.563525 usage_usec 10467682 user_usec 9918042 system_usec 549640 
1785343939.665884 usage_usec 10467682 user_usec 9918042 system_usec 549640 
1785343939.768332 usage_usec 10467682 user_usec 9918042 system_usec 549640 
1785343939.870709 usage_usec 10467682 user_usec 9918042 system_usec 549640 
1785343939.973400 usage_usec 10467682 user_usec 9918042 system_usec 549640 
1785343940.075963 usage_usec 10467682 user_usec 9918042 system_usec 549640 
1785343940.178704 usage_usec 10467682 user_usec 9918042 system_usec 549640 
1785343940.281181 usage_usec 10467682 user_usec 9918042 system_usec 549640 
1785343940.383786 usage_usec 10467682 user_usec 9918042 system_usec 549640 
1785343940.486250 usage_usec 10467682 user_usec 9918042 system_usec 549640 
1785343940.588752 usage_usec 10467682 user_usec 9918042 system_usec 549640 
1785343940.691093 usage_usec 10467682 user_usec 9918042 system_usec 549640 
1785343940.793424 usage_usec 10467682 user_usec 9918042 system_usec 549640 
1785343940.896187 usage_usec 10467682 user_usec 9918042 system_usec 549640 
1785343940.998558 usage_usec 10467682 user_usec 9918042 system_usec 549640 
1785343941.100971 usage_usec 10467682 user_usec 9918042 system_usec 549640 
1785343941.203315 usage_usec 10467682 user_usec 9918042 system_usec 549640 
1785343941.306413 usage_usec 10467682 user_usec 9918042 system_usec 549640 
1785343941.408884 usage_usec 10467682 user_usec 9918042 system_usec 549640 
1785343941.511112 usage_usec 10467682 user_usec 9918042 system_usec 549640 
1785343941.613215 usage_usec 10469163 user_usec 9919501 system_usec 549662 
1785343941.715482 usage_usec 10481696 user_usec 9931999 system_usec 549696 
1785343941.818080 usage_usec 10583696 user_usec 10033999 system_usec 549696 
1785343941.920249 usage_usec 10607986 user_usec 10050381 system_usec 557605 
1785343942.022440 usage_usec 10609351 user_usec 10051728 system_usec 557623 
1785343942.124611 usage_usec 10653029 user_usec 10095374 system_usec 557654 
1785343942.227187 usage_usec 10756029 user_usec 10197401 system_usec 558628 
1785343942.329473 usage_usec 10858028 user_usec 10299400 system_usec 558628 
1785343942.431703 usage_usec 10890567 user_usec 10324481 system_usec 566085 
1785343942.533968 usage_usec 10892015 user_usec 10325907 system_usec 566107 
1785343942.636086 usage_usec 10924247 user_usec 10358069 system_usec 566177 
1785343942.738379 usage_usec 11026248 user_usec 10458311 system_usec 567937 
1785343942.840575 usage_usec 11038041 user_usec 10463692 system_usec 574348 
1785343942.942672 usage_usec 11039430 user_usec 10465061 system_usec 574368 
1785343943.045183 usage_usec 11099797 user_usec 10525428 system_usec 574368 
1785343943.147419 usage_usec 11187054 user_usec 10604001 system_usec 583052 
1785343943.249717 usage_usec 11187054 user_usec 10604001 system_usec 583052 
1785343943.351936 usage_usec 11187054 user_usec 10604001 system_usec 583052 
1785343943.454174 usage_usec 11187054 user_usec 10604001 system_usec 583052 
1785343943.556676 usage_usec 11187054 user_usec 10604001 system_usec 583052 
1785343943.659136 usage_usec 11187054 user_usec 10604001 system_usec 583052 
1785343943.761606 usage_usec 11187054 user_usec 10604001 system_usec 583052 
1785343943.864298 usage_usec 11187054 user_usec 10604001 system_usec 583052 
1785343943.966886 usage_usec 11187054 user_usec 10604001 system_usec 583052 
1785343944.069252 usage_usec 11187054 user_usec 10604001 system_usec 583052 
1785343944.171954 usage_usec 11187054 user_usec 10604001 system_usec 583052 
1785343944.274440 usage_usec 11187054 user_usec 10604001 system_usec 583052 
1785343944.376783 usage_usec 11187054 user_usec 10604001 system_usec 583052 
1785343944.479383 usage_usec 11187054 user_usec 10604001 system_usec 583052 
1785343944.582888 usage_usec 11187054 user_usec 10604001 system_usec 583052 
1785343944.685182 usage_usec 11187054 user_usec 10604001 system_usec 583052 
1785343944.787463 usage_usec 11187054 user_usec 10604001 system_usec 583052 
1785343944.889643 usage_usec 11187054 user_usec 10604001 system_usec 583052 
1785343944.992015 usage_usec 11187054 user_usec 10604001 system_usec 583052 
1785343945.094220 usage_usec 11187054 user_usec 10604001 system_usec 583052 
1785343945.196417 usage_usec 11187054 user_usec 10604001 system_usec 583052 
1785343945.298824 usage_usec 11187054 user_usec 10604001 system_usec 583052 
1785343945.401174 usage_usec 11188528 user_usec 10605452 system_usec 583076 
1785343945.503535 usage_usec 11188528 user_usec 10605452 system_usec 583076 
1785343945.605684 usage_usec 11256171 user_usec 10672097 system_usec 584073 
1785343945.708235 usage_usec 11341426 user_usec 10749099 system_usec 592327 
1785343945.810478 usage_usec 11341426 user_usec 10749099 system_usec 592327 
1785343945.912719 usage_usec 11342965 user_usec 10750618 system_usec 592347 
1785343946.015082 usage_usec 11348927 user_usec 10756574 system_usec 592353 
1785343946.117212 usage_usec 11450926 user_usec 10857628 system_usec 593298 
1785343946.219379 usage_usec 11498615 user_usec 10896754 system_usec 601861 
1785343946.321809 usage_usec 11498615 user_usec 10896754 system_usec 601861 
1785343946.424019 usage_usec 11500107 user_usec 10898222 system_usec 601884 
1785343946.526196 usage_usec 11542693 user_usec 10939830 system_usec 602862 
1785343946.628584 usage_usec 11644693 user_usec 11041807 system_usec 602886 
1785343946.731066 usage_usec 11747692 user_usec 11144783 system_usec 602908 
1785343946.833892 usage_usec 11798181 user_usec 11186346 system_usec 611835 
1785343946.935938 usage_usec 11799539 user_usec 11187686 system_usec 611852 
1785343947.038076 usage_usec 11821982 user_usec 11210129 system_usec 611852 
1785343947.140308 usage_usec 11923982 user_usec 11311120 system_usec 612861 
1785343947.242452 usage_usec 11957075 user_usec 11335635 system_usec 621439 
1785343947.345527 usage_usec 11957075 user_usec 11335635 system_usec 621439 
1785343947.448011 usage_usec 11957075 user_usec 11335635 system_usec 621439 
1785343947.550346 usage_usec 11957075 user_usec 11335635 system_usec 621439 
1785343947.652689 usage_usec 11957075 user_usec 11335635 system_usec 621439 
1785343947.755148 usage_usec 11957075 user_usec 11335635 system_usec 621439 
1785343947.858394 usage_usec 11957075 user_usec 11335635 system_usec 621439 
1785343947.960934 usage_usec 11957075 user_usec 11335635 system_usec 621439 
1785343948.063214 usage_usec 11957075 user_usec 11335635 system_usec 621439 
1785343948.165619 usage_usec 11957075 user_usec 11335635 system_usec 621439 
1785343948.268025 usage_usec 11957075 user_usec 11335635 system_usec 621439 
1785343948.370773 usage_usec 11957075 user_usec 11335635 system_usec 621439 
1785343948.473287 usage_usec 11957075 user_usec 11335635 system_usec 621439 
1785343948.576949 usage_usec 11957075 user_usec 11335635 system_usec 621439 
1785343948.679768 usage_usec 11957075 user_usec 11335635 system_usec 621439 
1785343948.782256 usage_usec 11957075 user_usec 11335635 system_usec 621439 
1785343948.884913 usage_usec 11957075 user_usec 11335635 system_usec 621439 
1785343948.987350 usage_usec 11957075 user_usec 11335635 system_usec 621439 
1785343949.089814 usage_usec 11957075 user_usec 11335635 system_usec 621439 
1785343949.192389 usage_usec 11957075 user_usec 11335635 system_usec 621439 
1785343949.294863 usage_usec 11957075 user_usec 11335635 system_usec 621439 
1785343949.397848 usage_usec 11957075 user_usec 11335635 system_usec 621439 
1785343949.500550 usage_usec 11957075 user_usec 11335635 system_usec 621439 
1785343949.602945 usage_usec 11957075 user_usec 11335635 system_usec 621439 
1785343949.705618 usage_usec 11957075 user_usec 11335635 system_usec 621439 
1785343949.808314 usage_usec 11957075 user_usec 11335635 system_usec 621439 
1785343949.910633 usage_usec 11957075 user_usec 11335635 system_usec 621439 
1785343950.013079 usage_usec 11957075 user_usec 11335635 system_usec 621439 
1785343950.115505 usage_usec 11957075 user_usec 11335635 system_usec 621439 
1785343950.218153 usage_usec 11957075 user_usec 11335635 system_usec 621439 
1785343950.320428 usage_usec 11957075 user_usec 11335635 system_usec 621439 
1785343950.422977 usage_usec 11957075 user_usec 11335635 system_usec 621439 
1785343950.525253 usage_usec 11957075 user_usec 11335635 system_usec 621439 
1785343950.627508 usage_usec 11957075 user_usec 11335635 system_usec 621439 
1785343950.729807 usage_usec 11957075 user_usec 11335635 system_usec 621439 
1785343950.832367 usage_usec 11957075 user_usec 11335635 system_usec 621439 
1785343950.934513 usage_usec 11957075 user_usec 11335635 system_usec 621439 
1785343951.037189 usage_usec 11957075 user_usec 11335635 system_usec 621439 
1785343951.139615 usage_usec 11957075 user_usec 11335635 system_usec 621439 
1785343951.241928 usage_usec 11957075 user_usec 11335635 system_usec 621439 
1785343951.344198 usage_usec 11957075 user_usec 11335635 system_usec 621439 
1785343951.446595 usage_usec 11957075 user_usec 11335635 system_usec 621439 
1785343951.549127 usage_usec 11957075 user_usec 11335635 system_usec 621439 
1785343951.651696 usage_usec 11957075 user_usec 11335635 system_usec 621439 
1785343951.754356 usage_usec 11957075 user_usec 11335635 system_usec 621439 
1785343951.856722 usage_usec 11957075 user_usec 11335635 system_usec 621439 
1785343951.959008 usage_usec 11957075 user_usec 11335635 system_usec 621439 
1785343952.061304 usage_usec 11957075 user_usec 11335635 system_usec 621439 
1785343952.163732 usage_usec 11957075 user_usec 11335635 system_usec 621439 
1785343952.265981 usage_usec 11957075 user_usec 11335635 system_usec 621439 
1785343952.368357 usage_usec 11957075 user_usec 11335635 system_usec 621439 
1785343952.470553 usage_usec 11957075 user_usec 11335635 system_usec 621439 
1785343952.572841 usage_usec 11957075 user_usec 11335635 system_usec 621439 
1785343952.675113 usage_usec 11957075 user_usec 11335635 system_usec 621439 
1785343952.777428 usage_usec 11957075 user_usec 11335635 system_usec 621439 
1785343952.879555 usage_usec 11957075 user_usec 11335635 system_usec 621439 
1785343952.981834 usage_usec 11957075 user_usec 11335635 system_usec 621439 
1785343953.084612 usage_usec 11957075 user_usec 11335635 system_usec 621439 
1785343953.186972 usage_usec 11957075 user_usec 11335635 system_usec 621439 
1785343953.289390 usage_usec 11957075 user_usec 11335635 system_usec 621439 
1785343953.391572 usage_usec 11957075 user_usec 11335635 system_usec 621439 
1785343953.494200 usage_usec 11957075 user_usec 11335635 system_usec 621439 
1785343953.596306 usage_usec 11957075 user_usec 11335635 system_usec 621439 
1785343953.698613 usage_usec 11957075 user_usec 11335635 system_usec 621439 
1785343953.800797 usage_usec 11957075 user_usec 11335635 system_usec 621439 
1785343953.903345 usage_usec 11957075 user_usec 11335635 system_usec 621439 
1785343954.005902 usage_usec 11957075 user_usec 11335635 system_usec 621439 
1785343954.108114 usage_usec 11957075 user_usec 11335635 system_usec 621439 
1785343954.210363 usage_usec 11957075 user_usec 11335635 system_usec 621439 
1785343954.313110 usage_usec 11957075 user_usec 11335635 system_usec 621439 
1785343954.415514 usage_usec 11957075 user_usec 11335635 system_usec 621439 
1785343954.517778 usage_usec 11957075 user_usec 11335635 system_usec 621439 
1785343954.620191 usage_usec 11957075 user_usec 11335635 system_usec 621439 
1785343954.722376 usage_usec 11957075 user_usec 11335635 system_usec 621439 
1785343954.824475 usage_usec 11957075 user_usec 11335635 system_usec 621439 
1785343954.926692 usage_usec 11957075 user_usec 11335635 system_usec 621439 
1785343955.029168 usage_usec 11957075 user_usec 11335635 system_usec 621439 
1785343955.131266 usage_usec 11957075 user_usec 11335635 system_usec 621439 
1785343955.233314 usage_usec 11957075 user_usec 11335635 system_usec 621439 
1785343955.335481 usage_usec 11957075 user_usec 11335635 system_usec 621439 
1785343955.437660 usage_usec 11957075 user_usec 11335635 system_usec 621439 
1785343955.539744 usage_usec 11957075 user_usec 11335635 system_usec 621439 
1785343955.642178 usage_usec 11957075 user_usec 11335635 system_usec 621439 
1785343955.744215 usage_usec 11957075 user_usec 11335635 system_usec 621439 
1785343955.846311 usage_usec 11957075 user_usec 11335635 system_usec 621439 
1785343955.948586 usage_usec 11957075 user_usec 11335635 system_usec 621439 
1785343956.050759 usage_usec 11957075 user_usec 11335635 system_usec 621439 
1785343956.152851 usage_usec 11957075 user_usec 11335635 system_usec 621439 
1785343956.254997 usage_usec 11957075 user_usec 11335635 system_usec 621439 
1785343956.357049 usage_usec 11957075 user_usec 11335635 system_usec 621439 
1785343956.459253 usage_usec 11957075 user_usec 11335635 system_usec 621439 
1785343956.561392 usage_usec 11957075 user_usec 11335635 system_usec 621439 
1785343956.663509 usage_usec 11957075 user_usec 11335635 system_usec 621439 
1785343956.765703 usage_usec 11957075 user_usec 11335635 system_usec 621439 
1785343956.867854 usage_usec 11957075 user_usec 11335635 system_usec 621439 
1785343956.970032 usage_usec 11957075 user_usec 11335635 system_usec 621439 
1785343957.072234 usage_usec 11957075 user_usec 11335635 system_usec 621439 
1785343957.174621 usage_usec 11957075 user_usec 11335635 system_usec 621439 
1785343957.276624 usage_usec 11957075 user_usec 11335635 system_usec 621439 
1785343957.378727 usage_usec 11957075 user_usec 11335635 system_usec 621439 
1785343957.480980 usage_usec 11957075 user_usec 11335635 system_usec 621439 
1785343957.583198 usage_usec 11957075 user_usec 11335635 system_usec 621439 
1785343957.685380 usage_usec 11957075 user_usec 11335635 system_usec 621439 
1785343957.787458 usage_usec 11957075 user_usec 11335635 system_usec 621439 
1785343957.889550 usage_usec 11957075 user_usec 11335635 system_usec 621439 
1785343957.991695 usage_usec 11957075 user_usec 11335635 system_usec 621439 
1785343958.093731 usage_usec 11957075 user_usec 11335635 system_usec 621439 
1785343958.195989 usage_usec 11957075 user_usec 11335635 system_usec 621439 
1785343958.298201 usage_usec 11957075 user_usec 11335635 system_usec 621439 
1785343958.400588 usage_usec 11957075 user_usec 11335635 system_usec 621439 
1785343958.502876 usage_usec 11957075 user_usec 11335635 system_usec 621439 
1785343958.605361 usage_usec 11957075 user_usec 11335635 system_usec 621439 
1785343958.707496 usage_usec 11957075 user_usec 11335635 system_usec 621439 
1785343958.809683 usage_usec 11957075 user_usec 11335635 system_usec 621439 
1785343958.911876 usage_usec 11957075 user_usec 11335635 system_usec 621439 
1785343959.014112 usage_usec 11957075 user_usec 11335635 system_usec 621439 
1785343959.117452 usage_usec 11957075 user_usec 11335635 system_usec 621439 
1785343959.219332 usage_usec 11957075 user_usec 11335635 system_usec 621439 
1785343959.321226 usage_usec 11957075 user_usec 11335635 system_usec 621439 
1785343959.423117 usage_usec 11957075 user_usec 11335635 system_usec 621439 
1785343959.525046 usage_usec 11957075 user_usec 11335635 system_usec 621439 
1785343959.627044 usage_usec 11957075 user_usec 11335635 system_usec 621439 
1785343959.728951 usage_usec 11957075 user_usec 11335635 system_usec 621439 
1785343959.831031 usage_usec 11957075 user_usec 11335635 system_usec 621439 
1785343959.933230 usage_usec 11957075 user_usec 11335635 system_usec 621439 
1785343960.035399 usage_usec 11957075 user_usec 11335635 system_usec 621439 
1785343960.137551 usage_usec 11957075 user_usec 11335635 system_usec 621439 
1785343960.239665 usage_usec 11957075 user_usec 11335635 system_usec 621439 
1785343960.341838 usage_usec 11957075 user_usec 11335635 system_usec 621439 
1785343960.443840 usage_usec 11957075 user_usec 11335635 system_usec 621439 
1785343960.546140 usage_usec 11957075 user_usec 11335635 system_usec 621439 
1785343960.648405 usage_usec 11958583 user_usec 11337120 system_usec 621463 
1785343960.750449 usage_usec 11996299 user_usec 11373845 system_usec 622453 
1785343960.852595 usage_usec 12098299 user_usec 11475845 system_usec 622453 
1785343960.954772 usage_usec 12120029 user_usec 11489257 system_usec 630772 
1785343961.056992 usage_usec 12121447 user_usec 11490654 system_usec 630793 
1785343961.159228 usage_usec 12132011 user_usec 11501218 system_usec 630793 
1785343961.261385 usage_usec 12234011 user_usec 11603202 system_usec 630808 
1785343961.363925 usage_usec 12288905 user_usec 11648954 system_usec 639950 
1785343961.466434 usage_usec 12288905 user_usec 11648954 system_usec 639950 
1785343961.568573 usage_usec 12290309 user_usec 11650346 system_usec 639963 
1785343961.671046 usage_usec 12368551 user_usec 11728560 system_usec 639991 
1785343961.773341 usage_usec 12460081 user_usec 11810390 system_usec 649690 
1785343961.875583 usage_usec 12460081 user_usec 11810390 system_usec 649690 
1785343961.977820 usage_usec 12460081 user_usec 11810390 system_usec 649690 
1785343962.080108 usage_usec 12461582 user_usec 11810919 system_usec 650663 
1785343962.182528 usage_usec 12533843 user_usec 11881295 system_usec 652548 
1785343962.285377 usage_usec 12636842 user_usec 11984270 system_usec 652571 
1785343962.387546 usage_usec 12738841 user_usec 12086198 system_usec 652642 
1785343962.489736 usage_usec 12768142 user_usec 12106000 system_usec 662141 
1785343962.591876 usage_usec 12769453 user_usec 12107295 system_usec 662157 
1785343962.694183 usage_usec 12813040 user_usec 12149934 system_usec 663106 
1785343962.796274 usage_usec 12915040 user_usec 12251862 system_usec 663177 
1785343962.898488 usage_usec 12940773 user_usec 12268503 system_usec 672270 
1785343963.000710 usage_usec 12942120 user_usec 12269832 system_usec 672288 
1785343963.102866 usage_usec 12987824 user_usec 12314535 system_usec 673289 
1785343963.204958 usage_usec 13090824 user_usec 12417514 system_usec 673309 
1785343963.307450 usage_usec 13115916 user_usec 12433366 system_usec 682550 
1785343963.410201 usage_usec 13117379 user_usec 12434804 system_usec 682574 
1785343963.512515 usage_usec 13119981 user_usec 12437406 system_usec 682574 
1785343963.615728 usage_usec 13221980 user_usec 12538462 system_usec 683517 
1785343963.717720 usage_usec 13295558 user_usec 12602526 system_usec 693032 
1785343963.819806 usage_usec 13296961 user_usec 12603908 system_usec 693053 
1785343963.921900 usage_usec 13296961 user_usec 12603908 system_usec 693053 
1785343964.024232 usage_usec 13393678 user_usec 12699641 system_usec 694036 
1785343964.126516 usage_usec 13495675 user_usec 12801566 system_usec 694109 
1785343964.228690 usage_usec 13597675 user_usec 12903566 system_usec 694109 
1785343964.330847 usage_usec 13620682 user_usec 12916544 system_usec 704137 
1785343964.433082 usage_usec 13620682 user_usec 12916544 system_usec 704137 
1785343964.535436 usage_usec 13620682 user_usec 12916544 system_usec 704137 
1785343964.637838 usage_usec 13620682 user_usec 12916544 system_usec 704137 
1785343964.739986 usage_usec 13620682 user_usec 12916544 system_usec 704137 
1785343964.842192 usage_usec 13620682 user_usec 12916544 system_usec 704137 
1785343964.944474 usage_usec 13620682 user_usec 12916544 system_usec 704137 
1785343965.046699 usage_usec 13622198 user_usec 12918036 system_usec 704161 
1785343965.148757 usage_usec 13622198 user_usec 12918036 system_usec 704161 
1785343965.251060 usage_usec 13706917 user_usec 13001814 system_usec 705103 
1785343965.353446 usage_usec 13804478 user_usec 13089569 system_usec 714908 
1785343965.455537 usage_usec 13804478 user_usec 13089569 system_usec 714908 
1785343965.557617 usage_usec 13805843 user_usec 13090919 system_usec 714924 
1785343965.661432 usage_usec 13879893 user_usec 13164049 system_usec 715843 
1785343965.763743 usage_usec 13981893 user_usec 13264111 system_usec 717781 
1785343965.865975 usage_usec 13993239 user_usec 13267284 system_usec 725954 
1785343965.968132 usage_usec 13994576 user_usec 13268611 system_usec 725965 
1785343966.070234 usage_usec 14049564 user_usec 13322607 system_usec 726957 
1785343966.172371 usage_usec 14151564 user_usec 13424606 system_usec 726957 
1785343966.274709 usage_usec 14181904 user_usec 13444998 system_usec 736906 
1785343966.376838 usage_usec 14183434 user_usec 13446505 system_usec 736928 
1785343966.479106 usage_usec 14188782 user_usec 13450841 system_usec 737941 
1785343966.582849 usage_usec 14289759 user_usec 13551815 system_usec 737943 
1785343966.685085 usage_usec 14392758 user_usec 13654795 system_usec 737962 
1785343966.787210 usage_usec 14494757 user_usec 13755776 system_usec 738980 
1785343966.889431 usage_usec 14596758 user_usec 13847885 system_usec 748872 
1785343966.991710 usage_usec 14624490 user_usec 13874544 system_usec 749945 
1785343967.093991 usage_usec 14639830 user_usec 13882736 system_usec 757093 
1785343967.196404 usage_usec 14640049 user_usec 13882944 system_usec 757104 
1785343967.300065 usage_usec 14640132 user_usec 13883023 system_usec 757109 
1785343967.403354 usage_usec 14659930 user_usec 13895137 system_usec 764792 
1785343967.505534 usage_usec 14761930 user_usec 13997065 system_usec 764865 
1785343967.607726 usage_usec 14863931 user_usec 14098086 system_usec 765845 
1785343967.710184 usage_usec 14966930 user_usec 14200081 system_usec 766848 
1785343967.812579 usage_usec 15068930 user_usec 14302028 system_usec 766902 
1785343967.915337 usage_usec -1
1785343968.017975 usage_usec -1
1785343968.120507 usage_usec -1
1785343968.223107 usage_usec -1
1785343968.325288 usage_usec -1
1785343968.427163 usage_usec -1
1785343968.529035 usage_usec -1
1785343968.630885 usage_usec -1
1785343968.732807 usage_usec -1
1785343968.834688 usage_usec -1
1785343968.936638 usage_usec -1
1785343969.038607 usage_usec -1
1785343969.140562 usage_usec -1
1785343969.242818 usage_usec -1
1785343969.344948 usage_usec -1
1785343969.446897 usage_usec -1
1785343969.548854 usage_usec -1
1785343969.650887 usage_usec -1
1785343969.752961 usage_usec -1
1785343969.854997 usage_usec -1
1785343969.956982 usage_usec -1
1785343970.059058 usage_usec -1
1785343970.161025 usage_usec -1
1785343970.262975 usage_usec -1
1785343970.365009 usage_usec -1
1785343970.466974 usage_usec -1
1785343970.569178 usage_usec -1
1785343970.671507 usage_usec -1
1785343970.773725 usage_usec -1
1785343970.876013 usage_usec -1
1785343970.978361 usage_usec -1
1785343971.080779 usage_usec -1
1785343971.183214 usage_usec -1
1785343971.285489 usage_usec -1
1785343971.387893 usage_usec -1
1785343971.490118 usage_usec -1
1785343971.592235 usage_usec -1
1785343971.694297 usage_usec -1
1785343971.796316 usage_usec -1
1785343971.898283 usage_usec -1
1785343972.000289 usage_usec -1
1785343972.102330 usage_usec -1
1785343972.204422 usage_usec -1
1785343972.306530 usage_usec -1
1785343972.408586 usage_usec -1
1785343972.510825 usage_usec -1
1785343972.612836 usage_usec -1
1785343972.714865 usage_usec -1
1785343972.816826 usage_usec -1
1785343972.918908 usage_usec -1
1785343973.021027 usage_usec -1
1785343973.123246 usage_usec -1
1785343973.225418 usage_usec -1
1785343973.327531 usage_usec -1
1785343973.429548 usage_usec -1
1785343973.531511 usage_usec -1
1785343973.633577 usage_usec -1
1785343973.735564 usage_usec -1
1785343973.837704 usage_usec -1
1785343973.939816 usage_usec -1
1785343974.041894 usage_usec -1
1785343974.146630 usage_usec -1
1785343974.249623 usage_usec -1
1785343974.351660 usage_usec -1
1785343974.454332 usage_usec -1
1785343974.557338 usage_usec -1
1785343974.659950 usage_usec -1
1785343974.762872 usage_usec -1
1785343974.865002 usage_usec -1
1785343974.967224 usage_usec -1
1785343975.069977 usage_usec -1
1785343975.171988 usage_usec -1
1785343975.274828 usage_usec -1
1785343975.377123 usage_usec -1
1785343975.480169 usage_usec -1
1785343975.582877 usage_usec -1
1785343975.684850 usage_usec -1
1785343975.787137 usage_usec -1
